var o, p;
o = [
	Array.prNew(1026)
];
p = [
	// Array
	0, [ 0.000000,  0.000000,  0.000000,  0.000000,  
		0.000000,  0.000000,  0.875000,  0.460938,  
		0.000000,  0.000000,  0.000000,  0.000000,  
		0.000000,  0.000000,  0.000000,  0.000000,  
		0.992188,  0.000000,  0.000000,  0.000000,  
		0.000000,  0.523438,  0.203125,  0.000000,  
		0.000000,  0.000000,  0.000000,  0.117188,  
		0.000000,  0.000000,  0.000000,  0.000000,  
		0.000000,  0.000000,  0.000000,  0.000000,  
		0.000000,  0.000000,  0.000000,  0.000000,  
		0.000000,  0.000000,  0.000000,  0.000000,  
		0.000000,  0.000000,  0.000000,  0.000000,  
		0.000000,  0.000000,  0.000000,  0.000000,  
		0.000000,  0.000000,  0.000000,  0.000000,  
		0.000000,  0.000000,  0.000000,  0.000000,  
		0.000000,  0.000000,  0.000000,  0.257812,  
		0.156250,  0.312500,  0.132812,  0.000000,  
		0.812500,  0.000000,  0.000000,  0.000000,  
		0.000000,  0.992188,  0.429688,  0.000000,  
		0.640625,  0.000000,  0.476562,  0.390625,  
		0.000000,  0.218750,  0.656250,  0.992188,  
		0.156250,  0.453125,  0.414062,  0.171875,  
		0.000000,  0.000000,  0.000000,  0.000000,  
		0.000000,  0.000000,  0.000000,  0.000000,  
		0.000000,  0.000000,  0.000000,  0.000000,  
		0.000000,  0.000000,  0.000000,  0.000000,  
		0.000000,  0.000000,  0.000000,  0.000000,  
		0.000000,  0.000000,  0.000000,  0.000000,  
		0.000000,  0.000000,  0.000000,  0.156250,  
		0.000000,  0.000000,  0.000000,  0.000000,  
		0.992188,  0.046875,  0.000000,  0.000000,  
		0.000000,  0.000000,  0.000000,  0.000000,  
		0.000000,  0.000000,  0.960938,  0.265625,  
		0.000000,  0.000000,  0.000000,  0.640625,  
		0.312500,  0.203125,  0.273438,  0.585938,  
		0.992188,  0.000000,  0.000000,  0.523438,  
		0.265625,  0.000000,  0.000000,  0.000000,  
		0.000000,  0.000000,  0.000000,  0.000000,  
		0.000000,  0.000000,  0.000000,  0.000000,  
		0.000000,  0.000000,  0.000000,  0.000000,  
		0.000000,  0.000000,  0.000000,  0.000000,  
		0.000000,  0.000000,  0.000000,  0.000000,  
		0.000000,  0.000000,  0.000000,  0.062500,  
		0.000000,  0.000000,  0.062500,  0.000000,  
		0.000000,  0.539062,  0.281250,  0.093750,  
		0.000000,  0.000000,  0.070312,  0.000000,  
		0.000000,  0.000000,  0.000000,  0.992188,  
		0.000000,  0.000000,  0.468750,  0.000000,  
		0.304688,  0.109375,  0.171875,  0.203125,  
		0.632812,  0.937500,  0.187500,  0.445312,  
		0.234375,  0.687500,  0.000000,  0.000000,  
		0.000000,  0.000000,  0.000000,  0.000000,  
		0.000000,  0.000000,  0.000000,  0.000000,  
		0.000000,  0.000000,  0.000000,  0.000000,  
		0.000000,  0.000000,  0.000000,  0.000000,  
		0.000000,  0.000000,  0.000000,  0.000000,  
		0.000000,  0.000000,  0.000000,  0.000000,  
		0.148438,  0.351562,  0.000000,  0.109375,  
		0.000000,  0.000000,  0.171875,  0.960938,  
		0.281250,  0.093750,  0.000000,  0.390625,  
		0.000000,  0.000000,  0.000000,  0.000000,  
		0.710938,  0.695312,  0.000000,  0.890625,  
		0.000000,  0.375000,  0.664062,  0.148438,  
		0.390625,  0.000000,  0.570312,  0.414062,  
		0.203125,  0.062500,  0.218750,  0.234375,  
		0.000000,  0.000000,  0.000000,  0.000000,  
		0.000000,  0.000000,  0.000000,  0.000000,  
		0.000000,  0.000000,  0.000000,  0.000000,  
		0.000000,  0.000000,  0.000000,  0.000000,  
		0.000000,  0.000000,  0.000000,  0.000000,  
		0.000000,  0.000000,  0.000000,  0.000000,  
		0.000000,  0.085938,  0.000000,  0.000000,  
		0.093750,  0.000000,  0.000000,  0.156250,  
		0.687500,  0.359375,  0.000000,  0.000000,  
		0.578125,  0.000000,  0.000000,  0.000000,  
		0.000000,  0.992188,  0.898438,  0.000000,  
		0.835938,  0.000000,  0.523438,  0.164062,  
		0.085938,  0.468750,  0.992188,  0.632812,  
		0.187500,  0.117188,  0.367188,  0.218750,  
		0.000000,  0.000000,  0.000000,  0.000000,  
		0.000000,  0.000000,  0.000000,  0.000000,  
		0.000000,  0.000000,  0.000000,  0.000000,  
		0.000000,  0.000000,  0.000000,  0.000000,  
		0.000000,  0.000000,  0.000000,  0.000000,  
		0.000000,  0.000000,  0.000000,  0.000000,  
		0.000000,  0.000000,  0.000000,  0.164062,  
		0.000000,  0.226562,  0.000000,  0.000000,  
		0.828125,  0.890625,  0.156250,  0.679688,  
		0.000000,  0.257812,  0.000000,  0.000000,  
		0.000000,  0.000000,  0.875000,  0.640625,  
		0.000000,  0.781250,  0.000000,  0.531250,  
		0.398438,  0.273438,  0.031250,  0.210938,  
		0.843750,  0.117188,  0.062500,  0.085938,  
		0.000000,  0.000000,  0.000000,  0.000000,  
		0.000000,  0.000000,  0.000000,  0.000000,  
		0.000000,  0.000000,  0.000000,  0.000000,  
		0.000000,  0.000000,  0.000000,  0.000000,  
		0.000000,  0.000000,  0.000000,  0.000000,  
		0.000000,  0.000000,  0.000000,  0.000000,  
		0.000000,  0.000000,  0.000000,  0.000000,  
		0.539062,  0.000000,  0.000000,  0.000000,  
		0.000000,  0.070312,  0.617188,  0.085938,  
		0.960938,  0.000000,  0.000000,  0.000000,  
		0.000000,  0.000000,  0.000000,  0.695312,  
		0.882812,  0.000000,  0.000000,  0.000000,  
		0.492188,  0.273438,  0.156250,  0.351562,  
		0.140625,  0.687500,  0.000000,  0.000000,  
		0.000000,  0.000000,  0.000000,  0.000000,  
		0.000000,  0.000000,  0.000000,  0.000000,  
		0.000000,  0.000000,  0.000000,  0.000000,  
		0.000000,  0.000000,  0.000000,  0.000000,  
		0.000000,  0.000000,  0.000000,  0.000000,  
		0.000000,  0.000000,  0.000000,  0.000000,  
		0.000000,  0.000000,  0.000000,  0.000000,  
		0.000000,  0.000000,  0.000000,  0.000000,  
		0.000000,  0.000000,  0.000000,  0.000000,  
		0.000000,  0.000000,  0.000000,  0.000000,  
		0.000000,  0.000000,  0.000000,  0.000000,  
		0.000000,  0.000000,  0.000000,  0.000000,  
		0.000000,  0.000000,  0.000000,  0.000000,  
		0.000000,  0.000000,  0.000000,  0.000000,  
		0.000000,  0.000000,  0.000000,  0.000000,  
		0.000000,  0.000000,  0.000000,  0.000000,  
		0.000000,  0.000000,  0.000000,  0.000000,  
		0.000000,  0.000000,  0.000000,  0.000000,  
		0.000000,  0.000000,  0.000000,  0.000000,  
		0.000000,  0.000000,  0.000000,  0.000000,  
		0.000000,  0.000000,  0.000000,  0.000000,  
		0.000000,  0.000000,  0.000000,  0.000000,  
		0.000000,  0.000000,  0.000000,  0.000000,  
		0.000000,  0.000000,  0.000000,  0.000000,  
		0.000000,  0.000000,  0.000000,  0.000000,  
		0.000000,  0.000000,  0.000000,  0.000000,  
		0.000000,  0.000000,  0.000000,  0.000000,  
		0.000000,  0.000000,  0.000000,  0.000000,  
		0.000000,  0.000000,  0.000000,  0.000000,  
		0.000000,  0.000000,  0.000000,  0.000000,  
		0.000000,  0.000000,  0.000000,  0.000000,  
		0.000000,  0.000000,  0.000000,  0.000000,  
		0.000000,  0.000000,  0.000000,  0.000000,  
		0.000000,  0.000000,  0.000000,  0.000000,  
		0.000000,  0.000000,  0.000000,  0.000000,  
		0.000000,  0.000000,  0.000000,  0.000000,  
		0.000000,  0.000000,  0.000000,  0.000000,  
		0.000000,  0.000000,  0.000000,  0.000000,  
		0.000000,  0.000000,  0.000000,  0.000000,  
		0.000000,  0.000000,  0.000000,  0.000000,  
		0.000000,  0.000000,  0.000000,  0.000000,  
		0.000000,  0.000000,  0.000000,  0.000000,  
		0.000000,  0.000000,  0.000000,  0.000000,  
		0.000000,  0.000000,  0.000000,  0.000000,  
		0.000000,  0.000000,  0.000000,  0.000000,  
		0.000000,  0.000000,  0.000000,  0.000000,  
		0.000000,  0.000000,  0.000000,  0.000000,  
		0.000000,  0.000000,  0.000000,  0.000000,  
		0.000000,  0.000000,  0.000000,  0.000000,  
		0.000000,  0.000000,  0.000000,  0.000000,  
		0.000000,  0.000000,  0.000000,  0.000000,  
		0.000000,  0.000000,  0.000000,  0.000000,  
		0.000000,  0.000000,  0.000000,  0.000000,  
		0.000000,  0.000000,  0.000000,  0.000000,  
		0.000000,  0.000000,  0.000000,  0.000000,  
		0.000000,  0.000000,  0.000000,  0.000000,  
		0.000000,  0.000000,  0.000000,  0.000000,  
		0.000000,  0.000000,  0.000000,  0.000000,  
		0.000000,  0.000000,  0.000000,  0.000000,  
		0.000000,  0.000000,  0.000000,  0.000000,  
		0.000000,  0.000000,  0.000000,  0.000000,  
		0.000000,  0.000000,  0.000000,  0.000000,  
		0.000000,  0.000000,  0.000000,  0.000000,  
		0.000000,  0.000000,  0.000000,  0.000000,  
		0.000000,  0.000000,  0.000000,  0.000000,  
		0.000000,  0.000000,  0.000000,  0.000000,  
		0.000000,  0.000000,  0.000000,  0.000000,  
		0.000000,  0.000000,  0.000000,  0.000000,  
		0.000000,  0.000000,  0.000000,  0.000000,  
		0.000000,  0.000000,  0.000000,  0.000000,  
		0.000000,  0.000000,  0.000000,  0.000000,  
		0.000000,  0.000000,  0.000000,  0.000000,  
		0.000000,  0.000000,  0.000000,  0.000000,  
		0.000000,  0.000000,  0.000000,  0.000000,  
		0.000000,  0.000000,  0.000000,  0.000000,  
		0.000000,  0.000000,  0.000000,  0.000000,  
		0.000000,  0.000000,  0.000000,  0.000000,  
		0.000000,  0.000000,  0.000000,  0.000000,  
		0.000000,  0.000000,  0.000000,  0.000000,  
		0.000000,  0.000000,  0.000000,  0.000000,  
		0.000000,  0.000000,  0.000000,  0.000000,  
		0.000000,  0.000000,  0.000000,  0.000000,  
		0.000000,  0.000000,  0.000000,  0.000000,  
		0.000000,  0.000000,  0.000000,  0.000000,  
		0.000000,  0.000000,  0.000000,  0.000000,  
		0.000000,  0.000000,  0.000000,  0.000000,  
		0.000000,  0.000000,  0.000000,  0.000000,  
		0.000000,  0.000000,  0.000000,  0.000000,  
		0.000000,  0.000000,  0.000000,  0.000000,  
		0.000000,  0.000000,  0.000000,  0.000000,  
		0.000000,  0.000000,  0.000000,  0.000000,  
		0.000000,  0.000000,  0.000000,  0.000000,  
		0.000000,  0.000000,  0.000000,  0.000000,  
		0.000000,  0.000000,  0.000000,  0.000000,  
		0.000000,  0.000000,  0.000000,  0.000000,  
		0.000000,  0.000000,  0.000000,  0.000000,  
		0.000000,  0.000000,  0.000000,  0.000000,  
		0.000000,  0.000000,  0.000000,  0.000000,  
		0.000000,  0.000000,  0.000000,  0.000000,  
		0.000000,  0.000000,  0.000000,  0.000000,  
		0.000000,  0.000000,  0.000000,  0.000000,  
		0.000000,  0.000000,  0.000000,  0.000000,  
		0.000000,  0.000000,  0.000000,  0.000000,  
		0.000000,  0.000000,  0.000000,  0.000000,  
		0.000000,  0.000000,  0.000000,  0.000000,  
		0.000000,  0.000000,  0.000000,  0.000000,  
		0.000000,  0.000000,  0.000000,  0.000000,  
		0.000000,  0.000000,  0.000000,  0.000000,  
		0.000000,  0.000000,  0.000000,  0.000000,  
		0.000000,  0.000000,  0.000000,  0.000000,  
		0.000000,  0.000000,  0.000000,  0.000000,  
		0.000000,  0.000000,  0.000000,  0.000000,  
		0.000000,  0.000000,  0.000000,  0.000000,  
		0.000000,  0.000000,  0.000000,  0.000000,  
		0.000000,  0.000000,  0.000000,  0.000000,  
		0.000000,  0.000000,  0.000000,  0.000000,  
		0.000000,  0.000000,  0.000000,  0.000000,  
		0.000000,  0.000000,  0.000000,  0.000000,  
		0.000000,  0.000000,  0.000000,  0.000000,  
		0.000000,  0.000000,  0.000000,  0.000000,  
		0.000000,  0.000000,  0.000000,  0.000000,  
		0.000000,  0.000000,  0.000000,  0.000000,  
		0.000000,  0.000000,  0.000000,  0.000000,  
		0.000000,  0.000000,  0.000000,  0.000000,  
		0.000000,  0.000000,  0.000000,  0.000000,  
		0.000000,  0.000000,  0.000000,  0.000000,  
		0.000000,  0.000000,  0.000000,  0.000000,  
		0.000000,  0.000000,  0.000000,  0.000000,  
		0.000000,  0.000000,  0.000000,  0.000000,  
		0.000000,  0.000000,  0.000000,  0.000000,  
		0.000000,  0.000000,  0.000000,  0.000000,  
		0.000000,  0.000000,  0.000000,  0.000000,  
		0.000000,  0.000000,  0.000000,  0.000000,  
		0.000000,  0.000000,  0.000000,  0.000000,  
		0.000000,  0.000000,  0.000000,  0.000000,  
		0.000000,  0.000000,  0.000000,  0.000000,  
		0.000000,  0.000000,  0.000000,  0.000000,  
		0.000000,  0.000000,  0.000000,  0.000000,  
		0.000000,  0.000000,  0.000000,  0.000000,  
		0.000000,  0.000000,  0.000000,  0.000000,  
		0.000000,  0.000000,  0.000000,  0.000000,  
		0.000000,  0.000000,  0.000000,  0.000000,  
		0.085938,  0.000000,  0.000000,  0.000000,  
		0.000000,  0.000000,  0.000000,  0.000000,  
		0.000000,  0.000000,  0.000000,  0.000000,  
		0.000000,  0.000000,  0.000000,  0.000000,  
		0.000000,  0.000000,  0.000000,  0.000000,  
		0.000000,  0.000000,  0.000000,  0.000000,  
		0.000000,  0.000000,  0.000000,  0.000000,  
		0.000000,  0.000000 ]
];
prUnarchive(o,p);
